2 角形
C#      実行時間: 0.0
python  実行時間: 0.0


3 角形
1, 2, 4
C#      実行時間: 0.0053
python  実行時間: 0.0

4 角形
1, 2, 6, 4
1, 3, 2, 7
C#      実行時間: 0.0060
python  実行時間: 0.0010

5 角形
1, 3,10, 2, 5
C#      実行時間: 0.0050
python  実行時間: 0.0064

6 角形
1, 2, 5, 4, 6,13
1, 2, 7, 4,12, 5
1, 3, 2, 7, 8,10
1, 3, 6, 2, 5,14
1, 7, 3, 2, 4,14
C#      実行時間: 0.0065
python  実行時間: 0.0040

7 角形
C#      実行時間: 0.0099
python  実行時間: 0.0475

8 角形
1, 2,10,19, 4, 7, 9, 5
1, 3, 5,11, 2,12,17, 6
1, 3, 8, 2,16, 7,15, 5
1, 4, 2,10,18, 3,11, 8
1, 4,22, 7, 3, 6, 2,12
1, 6,12, 4,21, 3, 2, 8
C#      実行時間: 0.0715
python  実行時間: 0.6192

9 角形
1, 2, 4, 8,16, 5,18, 9,10
1, 4, 7, 6, 3,28, 2, 8,14
1, 6, 4,24,13, 3, 2,12, 8
1,11, 8, 6, 4, 3, 2,22,16
C#      実行時間: 0.6100
python  実行時間: 7.7519

10 角形
1, 2, 6,18,22, 7, 5,16, 4,10
1, 3, 9,11, 6, 8, 2, 5,28,18
1, 4, 2,20, 8, 9,23,10, 3,11
1, 4, 3,10, 2, 9,14,16, 6,26
1, 5, 4,13, 3, 8, 7,12, 2,36
1, 6, 9,11,29, 4, 8, 2, 3,18
C#      実行時間: 6.8141
python  実行時間: 87.8645

11 角形
C#      実行時間: 86.1942
python  実行時間: 1177.7334

12 角形
1, 2, 9, 8,14, 4,43, 7, 6,10, 5,24
1, 2,12,31,25, 4, 9,10, 7,11,16, 5
1, 2,14, 4,37, 7, 8,27, 5, 6,13, 9
1, 2,14,12,32,19, 6, 5, 4,18,13, 7
1, 3, 8, 9, 5,19,23,16,13, 2,28, 6
1, 3,12,34,21, 2, 8, 9, 5, 6, 7,25
1, 3,23,24, 6,22,10,11,18, 2, 5, 8
1, 4, 7, 3,16, 2, 6,17,20, 9,13,35
1, 4,16, 3,15,10,12,14,17,33, 2, 6
1, 4,19,20,27, 3, 6,25, 7, 8, 2,11
1, 4,20, 3,40,10, 9, 2,15,16, 6, 7
1, 5,12,21,29,11, 3,16, 4,22, 2, 7
1, 7,13,12, 3,11, 5,18, 4, 2,48, 9
1, 8,10, 5, 7,21, 4, 2,11, 3,26,35
1,14, 3, 2, 4, 7,21, 8,25,10,12,26
1,14,10,20, 7, 6, 3, 2,17, 4, 8,41
1,15, 5, 3,25, 2, 7, 4, 6,12,14,39
1,22,14,20, 5,13, 8, 3, 4, 2,10,31
C#      実行時間: 1052.5711

13角形
C#      実行時間: 14077.0218